435306.77  6478627.82  2875.00
435281.24  6478654.93  2875.00
435262.09  6478683.63  2875.00
435238.14  6478731.47  2875.00
435223.77  6478782.49  2875.00
435223.75  6478841.48  2875.00
435228.52  6478876.55  2875.00
435246.04  6478932.35  2875.00
435282.71  6478957.84  2875.00
435328.96  6478957.82  2875.00
435384.79  6478951.42  2875.00
435439.01  6478954.59  2875.00
435482.07  6478956.17  2875.00
435521.95  6478944.99  2875.00
435549.07  6478919.47  2875.00
435573.01  6478887.58  2875.00
435585.79  6478847.71  2875.00
435601.75  6478803.07  2875.00
435616.12  6478764.80  2875.00
435630.49  6478729.72  2875.00
435622.53  6478685.08  2875.00
435608.19  6478646.83  2875.00
435568.33  6478619.74  2875.00
435534.84  6478608.60  2875.00
435479.03  6478602.24  2875.00
435440.75  6478597.47  2875.00
435389.71  6478610.25  2875.00
435343.45  6478619.83  2875.00
435306.77  6478629.41  2875.00
434925.70  6478344.19  2875.00
434948.04  6478318.67  2875.00
434967.19  6478294.75  2875.00
434971.98  6478267.65  2875.00
434965.61  6478243.74  2875.00
434933.72  6478231.00  2875.00
434905.01  6478221.44  2875.00
434866.74  6478219.86  2875.00
434833.24  6478227.85  2875.00
434790.17  6478242.21  2875.00
434764.64  6478269.32  2875.00
434748.68  6478301.22  2875.00
434748.67  6478333.10  2875.00
434747.06  6478363.39  2875.00
434766.19  6478384.11  2875.00
434794.90  6478395.26  2875.00
434833.18  6478390.46  2875.00
434865.08  6478379.29  2875.00
434896.98  6478366.52  2875.00
434922.51  6478345.79  2875.00
435254.17  6478543.34  2900.00
435238.20  6478586.39  2900.00
435223.83  6478624.66  2900.00
435198.30  6478656.56  2900.00
435158.41  6478707.59  2900.00
435152.02  6478744.26  2900.00
435144.02  6478796.87  2900.00
435139.22  6478843.11  2900.00
435143.98  6478895.72  2900.00
435143.96  6478943.55  2900.00
435165.90  6478991.66  2900.00
435207.36  6479009.18  2900.00
435239.25  6479015.54  2900.00
435277.53  6479017.12  2900.00
435322.19  6479007.54  2900.00
435357.28  6478996.36  2900.00
435403.53  6479001.13  2900.00
435444.99  6479020.24  2900.00
435473.69  6479037.77  2900.00
435500.80  6479063.27  2900.00
435548.64  6479079.19  2900.00
435580.55  6479053.67  2900.00
435599.69  6479026.56  2900.00
435620.44  6479002.64  2900.00
435642.78  6478975.53  2900.00
435655.55  6478948.42  2900.00
435671.52  6478897.40  2900.00
435682.70  6478860.72  2900.00
435695.47  6478824.05  2900.00
435703.46  6478795.35  2900.00
435724.21  6478753.89  2900.00
435743.36  6478723.59  2900.00
435743.37  6478686.92  2900.00
435752.95  6478659.82  2900.00
435746.58  6478629.53  2900.00
435737.02  6478604.03  2900.00
435719.49  6478572.15  2900.00
435703.55  6478556.21  2900.00
435678.04  6478543.47  2900.00
435650.93  6478525.94  2900.00
435623.82  6478521.17  2900.00
435585.55  6478513.21  2900.00
435561.62  6478505.25  2900.00
435532.31  6478496.52  2900.00
435490.84  6478498.14  2900.00
435447.77  6478507.72  2900.00
435427.04  6478507.73  2900.00
435385.42  6478512.98  2900.00
435367.87  6478511.39  2900.00
435326.40  6478522.57  2900.00
435289.72  6478528.96  2900.00
434488.76  6478199.29  2900.00
434490.33  6478248.71  2900.00
434527.00  6478274.20  2900.00
434558.72  6478299.89  2900.00
434596.99  6478320.60  2900.00
434611.33  6478338.13  2900.00
434620.89  6478363.64  2900.00
434632.04  6478400.30  2900.00
434655.95  6478438.56  2900.00
434690.63  6478470.75  2900.00
434730.50  6478486.68  2900.00
434757.61  6478491.45  2900.00
434793.92  6478482.32  2900.00
434835.39  6478475.92  2900.00
434860.91  6478463.16  2900.00
434888.03  6478445.61  2900.00
434934.29  6478426.46  2900.00
434970.98  6478418.48  2900.00
435004.48  6478402.52  2900.00
435036.38  6478394.54  2900.00
435060.31  6478370.61  2900.00
435081.06  6478343.50  2900.00
435092.24  6478310.02  2900.00
435099.69  6478280.34  2900.00
435094.91  6478256.43  2900.00
435091.73  6478230.92  2900.00
435078.98  6478210.20  2900.00
435072.34  6478190.02  2900.00
435061.18  6478169.30  2900.00
435032.48  6478154.96  2900.00
434992.61  6478153.38  2900.00
434971.88  6478150.20  2900.00
434933.60  6478155.00  2900.00
434903.29  6478161.39  2900.00
434879.37  6478155.02  2900.00
434826.74  6478151.85  2900.00
434796.44  6478148.68  2900.00
434758.16  6478148.69  2900.00
434726.26  6478153.49  2900.00
434699.15  6478156.69  2900.00
434664.06  6478156.70  2900.00
434635.35  6478159.90  2900.00
434601.85  6478163.10  2900.00
434563.57  6478167.90  2900.00
434531.67  6478172.70  2900.00
434506.15  6478185.46  2900.00
434349.99  6478218.47  2900.00
434401.03  6478204.11  2900.00
434424.97  6478178.59  2900.00
434442.53  6478138.72  2900.00
434442.54  6478105.24  2900.00
434460.10  6478071.76  2900.00
434479.25  6478041.46  2900.00
434506.37  6478019.13  2900.00
434535.09  6477996.80  2900.00
434570.19  6477972.87  2900.00
434587.74  6477955.33  2900.00
434603.69  6477931.41  2900.00
434632.42  6477893.13  2900.00
434648.38  6477867.62  2900.00
434669.12  6477834.13  2900.00
434689.87  6477810.21  2900.00
434721.78  6477776.72  2900.00
434721.78  6477762.37  2900.00
434729.77  6477733.67  2900.00
434715.43  6477704.98  2900.00
434710.65  6477685.85  2900.00
434696.31  6477657.16  2900.00
434669.19  6477660.36  2900.00
434643.68  6477657.18  2900.00
434605.22  6477669.06  2900.00
434584.48  6477664.29  2900.00
434546.21  6477659.52  2900.00
434511.13  6477642.00  2900.00
434484.01  6477646.79  2900.00
434452.11  6477662.75  2900.00
434415.42  6477667.54  2900.00
434370.76  6477677.13  2900.00
434342.05  6477697.86  2900.00
434311.74  6477715.41  2900.00
434290.99  6477742.52  2900.00
434273.43  6477776.01  2900.00
434255.88  6477799.93  2900.00
434260.65  6477841.38  2900.00
434265.42  6477873.26  2900.00
434271.79  6477911.52  2900.00
434276.55  6477954.57  2900.00
434274.94  6478005.58  2900.00
434276.51  6478056.60  2900.00
434270.12  6478098.05  2900.00
434276.48  6478129.94  2900.00
434297.20  6478166.60  2900.00
434324.30  6478196.88  2900.00
434217.92  6477696.02  2925.00
434205.19  6477766.19  2925.00
434224.34  6477820.40  2925.00
434240.31  6477881.00  2925.00
434246.71  6477941.60  2925.00
434249.93  6478011.77  2925.00
434249.95  6478075.56  2925.00
434246.80  6478148.92  2925.00
434272.33  6478203.13  2925.00
434307.42  6478257.33  2925.00
434332.94  6478292.41  2925.00
434348.91  6478356.19  2925.00
434383.99  6478397.64  2925.00
434435.01  6478423.14  2925.00
434489.23  6478451.82  2925.00
434540.24  6478464.56  2925.00
434594.45  6478493.24  2925.00
434648.67  6478525.11  2925.00
434709.24  6478525.09  2925.00
434773.01  6478537.82  2925.00
434833.59  6478531.42  2925.00
434890.97  6478518.63  2925.00
434948.35  6478502.66  2925.00
435002.54  6478489.88  2925.00
435079.06  6478493.04  2925.00
435152.40  6478524.91  2925.00
435155.61  6478575.94  2925.00
435136.50  6478623.79  2925.00
435114.20  6478652.50  2925.00
435117.41  6478713.10  2925.00
435079.19  6478799.23  2925.00
435091.96  6478850.26  2925.00
435085.61  6478901.30  2925.00
435056.94  6478971.48  2925.00
435053.77  6479022.51  2925.00
435104.79  6479035.25  2925.00
435139.87  6479054.37  2925.00
435216.39  6479070.29  2925.00
435267.40  6479060.70  2925.00
435302.46  6479038.36  2925.00
435378.97  6479022.38  2925.00
435436.37  6479051.06  2925.00
435465.08  6479076.56  2925.00
435506.53  6479108.44  2925.00
435554.37  6479143.51  2925.00
435595.81  6479127.54  2925.00
435653.18  6479073.30  2925.00
435678.66  6479019.06  2925.00
435704.15  6478983.97  2925.00
435723.27  6478952.07  2925.00
435748.75  6478891.45  2925.00
435755.11  6478843.61  2925.00
435783.77  6478783.00  2925.00
435809.25  6478719.19  2925.00
435806.04  6478658.60  2925.00
435828.34  6478607.55  2925.00
435828.31  6478540.57  2925.00
435802.78  6478479.98  2925.00
435754.94  6478441.73  2925.00
435684.79  6478422.62  2925.00
435589.14  6478419.47  2925.00
435633.78  6478416.26  2925.00
435541.32  6478422.68  2925.00
435480.74  6478419.52  2925.00
435394.66  6478422.74  2925.00
435299.02  6478419.59  2925.00
435238.44  6478406.86  2925.00
435225.66  6478355.83  2925.00
435244.76  6478285.65  2925.00
435260.68  6478231.42  2925.00
435228.78  6478183.59  2925.00
435196.88  6478145.33  2925.00
435180.92  6478103.88  2925.00
435155.40  6478062.42  2925.00
435126.69  6478014.59  2925.00
435117.10  6477950.81  2925.00
435085.20  6477922.11  2925.00
435031.00  6477912.57  2925.00
434976.80  6477912.59  2925.00
434941.74  6477934.93  2925.00
434874.78  6477925.39  2925.00
434836.51  6477887.13  2925.00
434833.30  6477829.72  2925.00
434868.35  6477791.43  2925.00
434868.33  6477734.02  2925.00
434881.06  6477698.93  2925.00
434849.16  6477644.72  2925.00
434814.07  6477593.70  2925.00
434785.35  6477545.87  2925.00
434715.21  6477545.90  2925.00
434632.32  6477542.75  2925.00
434594.06  6477539.57  2925.00
434539.86  6477536.41  2925.00
434476.09  6477536.43  2925.00
434409.15  6477552.41  2925.00
434354.96  6477577.95  2925.00
434307.14  6477590.72  2925.00
434249.77  6477635.40  2925.00
434227.47  6477660.93  2925.00
434356.17  6478571.48  2950.00
434392.83  6478558.71  2950.00
434423.11  6478550.72  2950.00
434453.39  6478533.17  2950.00
434504.40  6478531.55  2950.00
434550.64  6478545.89  2950.00
434601.65  6478558.62  2950.00
434638.32  6478560.20  2950.00
434682.96  6478566.56  2950.00
434735.57  6478576.11  2950.00
434772.23  6478576.09  2950.00
434823.24  6478576.07  2950.00
434875.85  6478572.86  2950.00
434936.42  6478571.24  2950.00
434989.04  6478598.33  2950.00
435022.53  6478642.97  2950.00
435028.93  6478686.03  2950.00
435022.59  6478788.09  2950.00
435001.89  6478839.14  2950.00
435001.90  6478874.22  2950.00
434990.76  6478918.88  2950.00
434971.65  6478963.54  2950.00
434941.39  6479016.18  2950.00
434941.40  6479054.45  2950.00
434971.71  6479091.12  2950.00
435000.41  6479119.81  2950.00
435046.64  6479121.39  2950.00
435088.09  6479122.97  2950.00
435166.19  6479103.80  2950.00
435209.24  6479111.75  2950.00
435241.11  6479086.22  2950.00
435280.96  6479078.23  2950.00
435306.45  6479059.09  2950.00
435339.92  6479044.72  2950.00
435394.12  6479044.70  2950.00
435429.20  6479068.60  2950.00
435459.50  6479090.92  2950.00
435494.59  6479127.58  2950.00
435534.45  6479151.49  2950.00
435582.28  6479170.61  2950.00
435625.32  6479170.59  2950.00
435661.98  6479154.63  2950.00
435687.47  6479127.50  2950.00
435697.02  6479090.82  2950.00
435716.13  6479046.16  2950.00
435740.03  6479006.28  2950.00
435757.54  6478956.84  2950.00
435779.83  6478888.25  2950.00
435795.76  6478845.19  2950.00
435808.49  6478806.91  2950.00
435821.23  6478775.01  2950.00
435845.13  6478738.32  2950.00
435851.49  6478693.66  2950.00
435867.41  6478644.22  2950.00
435873.76  6478596.37  2950.00
435888.09  6478546.93  2950.00
435888.07  6478502.27  2950.00
435886.46  6478452.84  2950.00
435862.52  6478389.06  2950.00
435846.57  6478360.36  2950.00
435817.86  6478328.47  2950.00
435787.56  6478302.97  2950.00
435734.94  6478271.10  2950.00
435711.03  6478256.75  2950.00
435661.61  6478267.94  2950.00
435612.21  6478311.02  2950.00
435556.43  6478333.37  2950.00
435510.20  6478344.55  2950.00
435452.81  6478330.22  2950.00
435404.98  6478301.53  2950.00
435381.06  6478282.41  2950.00
435358.72  6478237.76  2950.00
435339.58  6478201.09  2950.00
435312.47  6478175.59  2950.00
435299.70  6478150.08  2950.00
435280.56  6478111.81  2950.00
435256.63  6478084.71  2950.00
435243.87  6478049.63  2950.00
435232.69  6478003.39  2950.00
435231.08  6477974.68  2950.00
435235.85  6477931.62  2950.00
435219.90  6477909.30  2950.00
435203.94  6477867.84  2950.00
435178.42  6477842.34  2950.00
435152.90  6477808.86  2950.00
435132.17  6477772.19  2950.00
435117.80  6477733.92  2950.00
435120.98  6477695.64  2950.00
435148.06  6477665.33  2950.00
435162.40  6477638.21  2950.00
435136.88  6477601.54  2950.00
435098.61  6477571.26  2950.00
435073.09  6477555.32  2950.00
435034.83  6477534.61  2950.00
434982.22  6477521.87  2950.00
434945.55  6477513.91  2950.00
434913.67  6477513.93  2950.00
434864.25  6477512.35  2950.00
434832.36  6477501.20  2950.00
434792.51  6477493.24  2950.00
434744.68  6477493.26  2950.00
434703.24  6477496.47  2950.00
434668.17  6477498.08  2950.00
434613.97  6477507.67  2950.00
434588.47  6477507.68  2950.00
434547.02  6477504.51  2950.00
434460.94  6477518.90  2950.00
434421.09  6477525.29  2950.00
434358.93  6477541.27  2950.00
434315.90  6477557.23  2950.00
434277.64  6477570.00  2950.00
434244.17  6477587.56  2950.00
434209.12  6477616.28  2950.00
434185.22  6477651.38  2950.00
434185.23  6477683.27  2950.00
434177.27  6477711.98  2950.00
434178.88  6477751.85  2950.00
434186.87  6477791.71  2950.00
434199.64  6477831.58  2950.00
434194.87  6477866.66  2950.00
434214.02  6477909.72  2950.00
434215.64  6477967.13  2950.00
434218.84  6478011.78  2950.00
434212.49  6478061.22  2950.00
434217.29  6478104.27  2950.00
434217.31  6478152.12  2950.00
434223.70  6478193.58  2950.00
434250.82  6478247.79  2950.00
434265.18  6478273.30  2950.00
434271.57  6478295.62  2950.00
434258.83  6478337.09  2950.00
434262.03  6478365.80  2950.00
434249.29  6478402.48  2950.00
434265.25  6478432.78  2950.00
434281.20  6478463.07  2950.00
434308.31  6478496.55  2950.00
434325.87  6478544.38  2950.00
434110.54  6478254.23  2975.00
434145.63  6478290.89  2975.00
434163.18  6478321.18  2975.00
434180.73  6478357.86  2975.00
434175.96  6478402.51  2975.00
434185.55  6478447.16  2975.00
434203.10  6478483.83  2975.00
434230.21  6478522.10  2975.00
434255.73  6478553.98  2975.00
434278.07  6478609.79  2975.00
434292.44  6478651.25  2975.00
434308.39  6478679.95  2975.00
434354.63  6478705.44  2975.00
434384.91  6478676.73  2975.00
434408.81  6478654.39  2975.00
434435.90  6478630.46  2975.00
434472.55  6478612.90  2975.00
434515.59  6478598.53  2975.00
434560.22  6478600.10  2975.00
434622.40  6478606.46  2975.00
434663.85  6478609.63  2975.00
434713.27  6478615.99  2975.00
434751.53  6478620.76  2975.00
434800.95  6478630.31  2975.00
434863.12  6478647.82  2975.00
434902.99  6478671.73  2975.00
434928.50  6478698.83  2975.00
434950.83  6478730.71  2975.00
434955.64  6478791.31  2975.00
434954.07  6478837.56  2975.00
434944.52  6478872.65  2975.00
434930.19  6478915.71  2975.00
434907.88  6478944.43  2975.00
434885.58  6478979.52  2975.00
434863.27  6479006.64  2975.00
434840.97  6479033.76  2975.00
434828.22  6479054.50  2975.00
434840.99  6479083.20  2975.00
434860.13  6479108.71  2975.00
434880.86  6479132.62  2975.00
434915.94  6479162.91  2975.00
434946.24  6479186.82  2975.00
434971.75  6479207.54  2975.00
435002.04  6479213.90  2975.00
435033.93  6479217.08  2975.00
435072.18  6479209.09  2975.00
435099.28  6479191.54  2975.00
435134.34  6479172.39  2975.00
435153.46  6479153.24  2975.00
435186.93  6479137.28  2975.00
435225.18  6479122.91  2975.00
435271.40  6479097.38  2975.00
435292.12  6479084.61  2975.00
435344.72  6479067.05  2975.00
435379.79  6479065.44  2975.00
435410.08  6479074.99  2975.00
435443.56  6479097.30  2975.00
435470.67  6479116.43  2975.00
435499.37  6479137.15  2975.00
435524.89  6479157.87  2975.00
435550.40  6479175.40  2975.00
435582.29  6479194.53  2975.00
435606.20  6479199.30  2975.00
435646.06  6479204.07  2975.00
435677.94  6479196.08  2975.00
435703.43  6479176.94  2975.00
435730.53  6479156.19  2975.00
435748.04  6479116.32  2975.00
435762.37  6479071.66  2975.00
435776.70  6479031.78  2975.00
435792.63  6478995.10  2975.00
435797.40  6478958.41  2975.00
435818.10  6478918.54  2975.00
435821.28  6478878.67  2975.00
435841.98  6478838.79  2975.00
435867.47  6478805.29  2975.00
435886.59  6478763.82  2975.00
435905.70  6478731.91  2975.00
435923.21  6478672.90  2975.00
435940.73  6478628.24  2975.00
435945.49  6478567.64  2975.00
435951.85  6478538.93  2975.00
435967.78  6478500.65  2975.00
435967.76  6478460.78  2975.00
435977.30  6478412.93  2975.00
435972.51  6478374.66  2975.00
435970.90  6478344.36  2975.00
435962.92  6478317.25  2975.00
435950.15  6478286.96  2975.00
435937.38  6478247.09  2975.00
435916.65  6478210.42  2975.00
435897.50  6478181.72  2975.00
435864.02  6478159.41  2975.00
435835.32  6478151.45  2975.00
435795.46  6478129.14  2975.00
435754.01  6478130.75  2975.00
435722.13  6478122.79  2975.00
435688.65  6478122.80  2975.00
435648.80  6478133.98  2975.00
435648.80  6478133.98  2975.00
435613.74  6478148.35  2975.00
435575.49  6478161.12  2975.00
435532.45  6478167.52  2975.00
435502.17  6478188.27  2975.00
435463.92  6478204.23  2975.00
435433.62  6478188.29  2975.00
435412.89  6478156.41  2975.00
435400.12  6478126.11  2975.00
435387.35  6478087.84  2975.00
435374.59  6478055.95  2975.00
435366.60  6478024.06  2975.00
435355.43  6477985.79  2975.00
435337.88  6477942.74  2975.00
435337.85  6477891.71  2975.00
435323.50  6477863.01  2975.00
435307.54  6477831.12  2975.00
435289.99  6477788.07  2975.00
435285.19  6477748.20  2975.00
435305.90  6477717.89  2975.00
435320.24  6477693.97  2975.00
435331.38  6477644.52  2975.00
435355.27  6477611.02  2975.00
435363.24  6477591.88  2975.00
435355.26  6477571.15  2975.00
435337.71  6477552.02  2975.00
435297.86  6477537.69  2975.00
435258.00  6477539.30  2975.00
435217.93  6477532.05  2975.00
435186.05  6477527.28  2975.00
435152.57  6477527.29  2975.00
435119.09  6477508.17  2975.00
435060.10  6477495.43  2975.00
435025.02  6477485.88  2975.00
434967.63  6477481.12  2975.00
434926.19  6477482.73  2975.00
434871.99  6477477.97  2975.00
434828.95  6477481.18  2975.00
434789.09  6477479.60  2975.00
434720.55  6477479.63  2975.00
434632.87  6477476.47  2975.00
434581.85  6477455.76  2975.00
434495.78  6477484.50  2975.00
434444.77  6477492.50  2975.00
434384.21  6477511.66  2975.00
434299.73  6477540.40  2975.00
434250.32  6477556.37  2975.00
434200.92  6477589.88  2975.00
434180.20  6477609.03  2975.00
434167.46  6477634.55  2975.00
434159.50  6477653.69  2975.00
434149.94  6477682.40  2975.00
434148.37  6477741.41  2975.00
434148.39  6477784.46  2975.00
434157.97  6477817.95  2975.00
434172.33  6477859.41  2975.00
434173.94  6477886.52  2975.00
434177.14  6477926.39  2975.00
434185.13  6477971.04  2975.00
434183.56  6478020.47  2975.00
434183.58  6478065.13  2975.00
434182.00  6478098.62  2975.00
434178.83  6478144.87  2975.00
434166.09  6478175.17  2975.00
434132.63  6478211.87  2975.00
433906.44  6478113.97  3000.00
433892.11  6478147.47  3000.00
433912.85  6478188.92  3000.00
433939.97  6478228.78  3000.00
433954.32  6478257.48  3000.00
433973.47  6478289.37  3000.00
433992.61  6478326.04  3000.00
434010.16  6478354.74  3000.00
434042.05  6478373.86  3000.00
434072.35  6478397.77  3000.00
434088.30  6478432.85  3000.00
434102.67  6478474.31  3000.00
434096.30  6478504.61  3000.00
434120.23  6478534.90  3000.00
434144.15  6478558.81  3000.00
434163.28  6478577.94  3000.00
434195.18  6478606.63  3000.00
434201.57  6478641.72  3000.00
434219.11  6478665.63  3000.00
434241.45  6478707.08  3000.00
434259.00  6478746.95  3000.00
434302.05  6478761.28  3000.00
434338.72  6478785.19  3000.00
434386.55  6478793.14  3000.00
434413.64  6478780.37  3000.00
434437.54  6478750.06  3000.00
434472.60  6478716.56  3000.00
434494.91  6478694.22  3000.00
434528.37  6478663.91  3000.00
434558.65  6478644.76  3000.00
434608.06  6478638.36  3000.00
434668.64  6478639.93  3000.00
434694.15  6478651.08  3000.00
434738.79  6478652.66  3000.00
434757.93  6478678.17  3000.00
434791.41  6478703.67  3000.00
434816.93  6478727.58  3000.00
434850.42  6478765.84  3000.00
434869.56  6478799.32  3000.00
434883.93  6478840.78  3000.00
434877.56  6478871.08  3000.00
434869.60  6478898.20  3000.00
434831.36  6478938.08  3000.00
434805.87  6478965.20  3000.00
434778.77  6478981.16  3000.00
434754.88  6479017.85  3000.00
434730.97  6479032.21  3000.00
434710.26  6479057.74  3000.00
434723.03  6479097.60  3000.00
434756.51  6479119.92  3000.00
434783.62  6479140.64  3000.00
434826.67  6479164.54  3000.00
434856.98  6479202.80  3000.00
434888.87  6479233.09  3000.00
434909.61  6479260.19  3000.00
434947.87  6479269.74  3000.00
434981.35  6479272.92  3000.00
435019.61  6479274.50  3000.00
435061.05  6479268.10  3000.00
435097.71  6479266.49  3000.00
435134.38  6479261.69  3000.00
435163.06  6479247.33  3000.00
435182.17  6479199.48  3000.00
435207.67  6479169.17  3000.00
435234.75  6479129.29  3000.00
435269.81  6479118.11  3000.00
435301.69  6479103.74  3000.00
435351.10  6479095.75  3000.00
435390.95  6479087.76  3000.00
435451.55  6479130.79  3000.00
435448.36  6479127.60  3000.00
435486.63  6479156.29  3000.00
435521.71  6479178.61  3000.00
435548.81  6479186.57  3000.00
435577.51  6479202.50  3000.00
435614.18  6479223.22  3000.00
435634.90  6479215.24  3000.00
435658.81  6479210.44  3000.00
435695.48  6479212.02  3000.00
435720.98  6479199.25  3000.00
435741.69  6479172.14  3000.00
435762.40  6479141.83  3000.00
435794.27  6479117.89  3000.00
435803.82  6479082.80  3000.00
435827.72  6479042.92  3000.00
435838.86  6478999.86  3000.00
435856.39  6478980.72  3000.00
435869.12  6478936.06  3000.00
435861.14  6478905.76  3000.00
435877.07  6478877.05  3000.00
435891.40  6478830.79  3000.00
435918.48  6478800.48  3000.00
435936.01  6478770.17  3000.00
435935.99  6478741.47  3000.00
435953.52  6478709.57  3000.00
435971.04  6478674.47  3000.00
435988.56  6478642.57  3000.00
435990.14  6478605.89  3000.00
436007.66  6478575.58  3000.00
436012.43  6478537.31  3000.00
436025.17  6478503.81  3000.00
436033.12  6478465.54  3000.00
436036.29  6478432.04  3000.00
436045.85  6478404.93  3000.00
436050.62  6478382.60  3000.00
436068.15  6478355.48  3000.00
436061.75  6478320.40  3000.00
436060.15  6478290.10  3000.00
436042.59  6478247.05  3000.00
436037.80  6478221.53  3000.00
436033.01  6478192.83  3000.00
436007.49  6478170.51  3000.00
435972.41  6478146.61  3000.00
435943.71  6478117.91  3000.00
435915.01  6478106.76  3000.00
435894.27  6478079.66  3000.00
435867.16  6478054.16  3000.00
435830.49  6478035.03  3000.00
435806.57  6478017.50  3000.00
435774.69  6478007.95  3000.00
435738.01  6477984.04  3000.00
435683.81  6477982.47  3000.00
435637.59  6477988.86  3000.00
435600.92  6477976.12  3000.00
435564.25  6477972.95  3000.00
435527.58  6477957.02  3000.00
435498.88  6477941.08  3000.00
435482.92  6477907.60  3000.00
435468.56  6477877.30  3000.00
435458.99  6477845.41  3000.00
435455.79  6477818.30  3000.00
435465.33  6477775.24  3000.00
435463.73  6477746.53  3000.00
435470.09  6477709.85  3000.00
435471.67  6477684.33  3000.00
435481.23  6477655.62  3000.00
435482.80  6477617.35  3000.00
435489.17  6477590.24  3000.00
435497.12  6477550.36  3000.00
435474.80  6477529.64  3000.00
435457.25  6477510.51  3000.00
435420.59  6477505.74  3000.00
435398.27  6477500.97  3000.00
435347.26  6477497.80  3000.00
435316.97  6477499.41  3000.00
435278.71  6477493.04  3000.00
435240.45  6477497.84  3000.00
435194.22  6477485.10  3000.00
435143.20  6477477.15  3000.00
435084.22  6477480.36  3000.00
435053.93  6477467.62  3000.00
435006.10  6477466.04  3000.00
434948.71  6477451.71  3000.00
434894.51  6477446.95  3000.00
434846.68  6477440.59  3000.00
434746.26  6477458.18  3000.00
434709.60  6477455.00  3000.00
434641.05  6477458.22  3000.00
434590.04  6477461.43  3000.00
434526.28  6477475.81  3000.00
434476.87  6477482.21  3000.00
434438.62  6477494.98  3000.00
434395.58  6477502.98  3000.00
434325.44  6477515.76  3000.00
434255.31  6477542.90  3000.00
434197.94  6477563.66  3000.00
434169.25  6477584.40  3000.00
434137.38  6477614.72  3000.00
434123.04  6477637.05  3000.00
434115.08  6477667.35  3000.00
434115.11  6477716.79  3000.00
434115.12  6477748.69  3000.00
434113.54  6477790.15  3000.00
434100.81  6477838.00  3000.00
434091.26  6477884.25  3000.00
434075.34  6477928.91  3000.00
434070.58  6477975.16  3000.00
434057.84  6478003.87  3000.00
434054.67  6478056.50  3000.00
434054.69  6478101.15  3000.00
434019.62  6478115.52  3000.00
433984.55  6478117.13  3000.00
433936.73  6478120.34  3000.00
433723.84  6477916.30  3025.00
433698.34  6477941.82  3025.00
433660.10  6477996.06  3025.00
433666.50  6478034.33  3025.00
433692.02  6478088.54  3025.00
433723.92  6478130.00  3025.00
433778.13  6478158.68  3025.00
433822.78  6478187.37  3025.00
433861.06  6478225.62  3025.00
433896.14  6478270.26  3025.00
433928.05  6478321.28  3025.00
433956.76  6478365.92  3025.00
433982.29  6478413.76  3025.00
434004.62  6478464.78  3025.00
434011.02  6478506.24  3025.00
434011.04  6478550.89  3025.00
434017.43  6478598.73  3025.00
434042.95  6478640.19  3025.00
434100.36  6478678.44  3025.00
434148.20  6478716.69  3025.00
434186.47  6478761.33  3025.00
434215.18  6478786.83  3025.00
434250.26  6478825.09  3025.00
434278.97  6478853.79  3025.00
434310.87  6478892.05  3025.00
434345.95  6478920.74  3025.00
434377.84  6478946.24  3025.00
434432.05  6478955.79  3025.00
434479.87  6478958.96  3025.00
434502.17  6478923.86  3025.00
434518.10  6478876.02  3025.00
434524.45  6478834.55  3025.00
434524.43  6478783.52  3025.00
434540.36  6478742.05  3025.00
434572.23  6478710.14  3025.00
434610.48  6478687.80  3025.00
434671.05  6478690.96  3025.00
434702.95  6478719.65  3025.00
434750.78  6478741.96  3025.00
434769.93  6478796.17  3025.00
434769.93  6478796.17  3025.00
434773.13  6478828.07  3025.00
434760.40  6478879.10  3025.00
434722.16  6478920.58  3025.00
434690.29  6478955.68  3025.00
434648.86  6479003.54  3025.00
434636.13  6479051.39  3025.00
434668.03  6479099.22  3025.00
434690.37  6479137.49  3025.00
434731.82  6479166.17  3025.00
434763.71  6479185.30  3025.00
434801.98  6479204.42  3025.00
434856.20  6479261.81  3025.00
434891.30  6479319.20  3025.00
434939.14  6479357.46  3025.00
434993.34  6479370.20  3025.00
435044.35  6479351.04  3025.00
435076.22  6479325.51  3025.00
435136.79  6479309.53  3025.00
435190.99  6479328.65  3025.00
435251.58  6479344.57  3025.00
435296.20  6479315.85  3025.00
435302.56  6479280.76  3025.00
435299.36  6479242.49  3025.00
435286.59  6479197.84  3025.00
435305.70  6479149.99  3025.00
435347.13  6479127.64  3025.00
435404.52  6479127.62  3025.00
435452.36  6479159.50  3025.00
435503.38  6479188.18  3025.00
435548.03  6479220.06  3025.00
435602.23  6479232.79  3025.00
435640.49  6479242.35  3025.00
435678.75  6479239.14  3025.00
435732.94  6479210.41  3025.00
435767.99  6479172.12  3025.00
435803.06  6479149.78  3025.00
435844.47  6479076.41  3025.00
435869.96  6479044.50  3025.00
435885.89  6479018.98  3025.00
435911.38  6478967.94  3025.00
435911.36  6478916.90  3025.00
435917.71  6478862.68  3025.00
435946.39  6478818.01  3025.00
435975.06  6478766.97  3025.00
435997.35  6478709.55  3025.00
436022.84  6478661.70  3025.00
436035.57  6478604.28  3025.00
436061.06  6478565.99  3025.00
436064.23  6478514.96  3025.00
436080.15  6478470.30  3025.00
436108.83  6478435.20  3025.00
436124.74  6478377.79  3025.00
436150.23  6478336.31  3025.00
436147.02  6478272.52  3025.00
436115.12  6478221.50  3025.00
436089.59  6478173.67  3025.00
436080.01  6478144.97  3025.00
436051.31  6478113.09  3025.00
435987.53  6478081.22  3025.00
435965.20  6478055.71  3025.00
435920.56  6478030.21  3025.00
435888.66  6477995.14  3025.00
435847.21  6477976.02  3025.00
435792.99  6477940.96  3025.00
435770.66  6477915.45  3025.00
435732.39  6477886.76  3025.00
435694.11  6477838.93  3025.00
435678.16  6477803.86  3025.00
435655.82  6477759.21  3025.00
435636.67  6477705.00  3025.00
435630.28  6477666.73  3025.00
435617.51  6477631.65  3025.00
435614.30  6477580.62  3025.00
435579.22  6477545.55  3025.00
435576.01  6477507.27  3025.00
435537.75  6477484.96  3025.00
435483.54  6477478.60  3025.00
435445.29  6477478.62  3025.00
435394.27  6477478.64  3025.00
435336.88  6477465.91  3025.00
435276.31  6477465.93  3025.00
435238.05  6477462.76  3025.00
435158.34  6477465.98  3025.00
435100.95  6477466.00  3025.00
435040.37  6477440.51  3025.00
434970.23  6477437.35  3025.00
434884.14  6477431.01  3025.00
434801.25  6477437.42  3025.00
434743.87  6477447.02  3025.00
434676.92  6477453.42  3025.00
434641.85  6477456.63  3025.00
434600.40  6477463.02  3025.00
434527.08  6477463.05  3025.00
434460.13  6477472.65  3025.00
434396.37  6477491.81  3025.00
434310.29  6477495.04  3025.00
434243.35  6477530.15  3025.00
434185.97  6477533.36  3025.00
434128.59  6477571.66  3025.00
434093.54  6477613.14  3025.00
434058.49  6477657.81  3025.00
434036.19  6477689.71  3025.00
434004.33  6477753.52  3025.00
433931.03  6477814.15  3025.00
433873.65  6477833.31  3025.00
433819.46  6477871.60  3025.00
433771.64  6477874.81  3025.00
433563.62  6477898.82  3050.00
433525.36  6477890.86  3050.00
433482.32  6477890.88  3050.00
433436.09  6477900.47  3050.00
433399.44  6477921.22  3050.00
433365.97  6477941.96  3050.00
433335.70  6477977.06  3050.00
433322.96  6478015.34  3050.00
433322.98  6478067.97  3050.00
433318.22  6478117.40  3050.00
433303.89  6478155.68  3050.00
433308.69  6478203.53  3050.00
433307.11  6478238.61  3050.00
433323.07  6478273.69  3050.00
433350.18  6478297.60  3050.00
433367.72  6478319.92  3050.00
433394.83  6478334.26  3050.00
433421.93  6478337.44  3050.00
433457.00  6478353.37  3050.00
433500.04  6478353.35  3050.00
433549.46  6478340.58  3050.00
433587.71  6478332.59  3050.00
433614.81  6478319.82  3050.00
433651.46  6478302.26  3050.00
433696.09  6478273.54  3050.00
433734.35  6478279.90  3050.00
433774.20  6478275.10  3050.00
433817.24  6478278.27  3050.00
433861.88  6478300.58  3050.00
433884.22  6478343.63  3050.00
433919.31  6478404.21  3050.00
433927.30  6478440.89  3050.00
433951.24  6478506.26  3050.00
433964.01  6478552.51  3050.00
433976.78  6478597.16  3050.00
433991.15  6478640.21  3050.00
434007.10  6478665.72  3050.00
434042.18  6478692.81  3050.00
434069.29  6478723.10  3050.00
434096.40  6478735.85  3050.00
434118.73  6478772.52  3050.00
434147.44  6478807.59  3050.00
434164.99  6478852.24  3050.00
434180.94  6478874.56  3050.00
434194.99  6478911.44  3050.00
434225.29  6478943.33  3050.00
434253.99  6478960.86  3050.00
434301.82  6478973.59  3050.00
434344.86  6478987.93  3050.00
434381.53  6478992.70  3050.00
434407.04  6478995.88  3050.00
434446.89  6479002.24  3050.00
434491.53  6479014.98  3050.00
434513.86  6479029.32  3050.00
434529.80  6479043.67  3050.00
434556.92  6479073.96  3050.00
434576.06  6479105.85  3050.00
434598.39  6479134.54  3050.00
434617.53  6479156.86  3050.00
434646.23  6479179.18  3050.00
434679.71  6479195.11  3050.00
434716.39  6479219.02  3050.00
434753.06  6479236.54  3050.00
434796.10  6479250.88  3050.00
434821.61  6479252.46  3050.00
434818.44  6479303.50  3050.00
434848.74  6479333.78  3050.00
434879.05  6479373.64  3050.00
434915.72  6479395.95  3050.00
434949.20  6479403.91  3050.00
434992.24  6479411.87  3050.00
435043.26  6479410.25  3050.00
435081.51  6479402.26  3050.00
435105.41  6479365.57  3050.00
435146.85  6479359.18  3050.00
435231.35  6479379.87  3050.00
435269.62  6479414.94  3050.00
435317.45  6479429.28  3050.00
435360.48  6479411.72  3050.00
435376.41  6479375.03  3050.00
435389.14  6479335.16  3050.00
435398.69  6479290.50  3050.00
435401.86  6479252.22  3050.00
435430.55  6479229.88  3050.00
435456.04  6479202.76  3050.00
435497.50  6479218.69  3050.00
435535.76  6479231.44  3050.00
435572.43  6479240.99  3050.00
435613.88  6479248.95  3050.00
435653.73  6479248.93  3050.00
435698.36  6479240.94  3050.00
435722.27  6479223.38  3050.00
435757.33  6479197.85  3050.00
435789.20  6479172.32  3050.00
435819.47  6479143.61  3050.00
435840.19  6479114.89  3050.00
435848.14  6479086.18  3050.00
435870.45  6479067.04  3050.00
435897.54  6479030.35  3050.00
435913.47  6479011.20  3050.00
435930.99  6478980.89  3050.00
435943.73  6478950.59  3050.00
435946.90  6478905.93  3050.00
435959.64  6478867.65  3050.00
435983.54  6478837.34  3050.00
435999.47  6478800.66  3050.00
436024.96  6478765.56  3050.00
436052.04  6478716.11  3050.00
436066.37  6478679.43  3050.00
436083.88  6478634.77  3050.00
436099.81  6478601.27  3050.00
436126.89  6478556.61  3050.00
436149.20  6478521.51  3050.00
436163.53  6478499.18  3050.00
436173.08  6478454.52  3050.00
436192.19  6478405.08  3050.00
436198.55  6478365.21  3050.00
436209.69  6478322.14  3050.00
436208.08  6478290.25  3050.00
436195.31  6478247.19  3050.00
436182.55  6478215.30  3050.00
436177.75  6478181.82  3050.00
436160.20  6478153.12  3050.00
436142.66  6478124.42  3050.00
436133.08  6478100.50  3050.00
436105.97  6478079.78  3050.00
436069.30  6478063.85  3050.00
436040.60  6478051.10  3050.00
436010.31  6478043.14  3050.00
435978.42  6478024.02  3050.00
435960.88  6478008.08  3050.00
435928.99  6477993.74  3050.00
435901.88  6477976.21  3050.00
435865.21  6477945.92  3050.00
435847.66  6477922.01  3050.00
435815.77  6477886.94  3050.00
435799.81  6477853.45  3050.00
435782.26  6477824.75  3050.00
435763.12  6477799.25  3050.00
435739.20  6477757.79  3050.00
435745.57  6477759.38  3050.00
435723.24  6477716.33  3050.00
435708.87  6477674.88  3050.00
435694.51  6477636.61  3050.00
435676.96  6477606.31  3050.00
435672.17  6477569.64  3050.00
435653.02  6477539.34  3050.00
435640.26  6477513.83  3050.00
435601.99  6477475.58  3050.00
435554.15  6477448.48  3050.00
435496.76  6477435.75  3050.00
435431.40  6477443.75  3050.00
435361.27  6477450.16  3050.00
435297.50  6477448.59  3050.00
435230.55  6477443.83  3050.00
435147.65  6477437.49  3050.00
435093.45  6477437.51  3050.00
435005.77  6477420.01  3050.00
434910.13  6477448.75  3050.00
434857.53  6477448.77  3050.00
434782.60  6477437.64  3050.00
434737.97  6477437.66  3050.00
434698.12  6477442.46  3050.00
434648.70  6477440.88  3050.00
434599.28  6477448.88  3050.00
434521.18  6477458.48  3050.00
434463.79  6477461.69  3050.00
434428.72  6477471.28  3050.00
434369.75  6477477.68  3050.00
434328.31  6477496.83  3050.00
434274.11  6477514.40  3050.00
434221.52  6477536.75  3050.00
434172.11  6477551.12  3050.00
434130.67  6477562.30  3050.00
434087.63  6477584.65  3050.00
434055.76  6477610.17  3050.00
434015.92  6477640.49  3050.00
433963.33  6477681.98  3050.00
433931.46  6477696.34  3050.00
433902.77  6477718.68  3050.00
433869.30  6477734.64  3050.00
433821.50  6477771.34  3050.00
433794.40  6477784.11  3050.00
433772.10  6477814.42  3050.00
433743.41  6477833.57  3050.00
433698.79  6477875.05  3050.00
433665.32  6477887.82  3050.00
433628.67  6477913.36  3050.00
433590.41  6477910.18  3050.00
433934.15  6477661.05  3075.00
433902.28  6477689.77  3075.00
433864.82  6477700.95  3075.00
433831.36  6477720.10  3075.00
433796.29  6477737.65  3075.00
433775.58  6477752.02  3075.00
433750.08  6477769.57  3075.00
433726.17  6477791.90  3075.00
433695.90  6477819.03  3075.00
433662.43  6477833.39  3075.00
433628.96  6477847.76  3075.00
433587.51  6477844.59  3075.00
433555.63  6477841.41  3075.00
433517.37  6477843.02  3075.00
433523.75  6477843.02  3075.00
433523.75  6477843.02  3075.00
433487.08  6477838.25  3075.00
433450.42  6477851.02  3075.00
433412.17  6477868.58  3075.00
433370.73  6477882.95  3075.00
433350.01  6477908.48  3075.00
433322.92  6477932.41  3075.00
433300.62  6477970.69  3075.00
433278.32  6478008.98  3075.00
433279.94  6478056.82  3075.00
433273.57  6478088.72  3075.00
433265.62  6478130.18  3075.00
433257.66  6478170.06  3075.00
433257.68  6478208.33  3075.00
433230.60  6478248.21  3075.00
433206.69  6478262.57  3075.00
433160.47  6478276.95  3075.00
433138.16  6478289.71  3075.00
433112.66  6478313.65  3075.00
433085.56  6478320.04  3075.00
433047.32  6478353.54  3075.00
433047.33  6478385.44  3075.00
433071.25  6478406.16  3075.00
433111.10  6478399.76  3075.00
433142.98  6478385.40  3075.00
433179.64  6478371.03  3075.00
433222.68  6478364.63  3075.00
433264.12  6478353.45  3075.00
433302.38  6478353.44  3075.00
433334.27  6478377.34  3075.00
433366.16  6478404.44  3075.00
433386.89  6478409.22  3075.00
433421.97  6478444.29  3075.00
433453.85  6478445.87  3075.00
433485.74  6478455.42  3075.00
433535.16  6478474.54  3075.00
433570.23  6478472.93  3075.00
433626.03  6478482.48  3075.00
433664.29  6478474.49  3075.00
433713.70  6478469.68  3075.00
433755.15  6478469.67  3075.00
433802.97  6478468.05  3075.00
433842.83  6478476.01  3075.00
433879.50  6478504.70  3075.00
433909.81  6478546.15  3075.00
433938.52  6478595.58  3075.00
433938.52  6478595.58  3075.00
433944.91  6478627.47  3075.00
433965.65  6478672.11  3075.00
433989.57  6478689.65  3075.00
434015.09  6478719.94  3075.00
434039.01  6478737.47  3075.00
434058.15  6478753.41  3075.00
434088.45  6478786.89  3075.00
434113.96  6478810.80  3075.00
434123.54  6478839.50  3075.00
434136.31  6478871.39  3075.00
434136.32  6478900.09  3075.00
434134.73  6478919.23  3075.00
434158.66  6478954.31  3075.00
434187.36  6478978.22  3075.00
434208.09  6478990.97  3075.00
434233.60  6479010.09  3075.00
434267.08  6479021.24  3075.00
434303.76  6479038.77  3075.00
434334.05  6479053.11  3075.00
434354.78  6479065.86  3075.00
434381.89  6479089.77  3075.00
434401.03  6479115.28  3075.00
434415.38  6479129.62  3075.00
434432.92  6479150.35  3075.00
434450.47  6479180.64  3075.00
434475.99  6479204.55  3075.00
434503.10  6479234.84  3075.00
434523.83  6479257.16  3075.00
434542.97  6479284.26  3075.00
434566.90  6479325.72  3075.00
434565.32  6479349.64  3075.00
434568.52  6479378.34  3075.00
434589.25  6479410.23  3075.00
434597.24  6479446.91  3075.00
434597.24  6479446.91  3075.00
434622.75  6479456.47  3075.00
434646.67  6479480.38  3075.00
434673.77  6479488.34  3075.00
434702.48  6479509.06  3075.00
434737.55  6479526.59  3075.00
434777.41  6479534.54  3075.00
434804.51  6479534.53  3075.00
434823.63  6479509.01  3075.00
434845.93  6479480.29  3075.00
434861.87  6479467.53  3075.00
434887.37  6479445.19  3075.00
434920.84  6479430.83  3075.00
434949.53  6479427.62  3075.00
434987.79  6479427.61  3075.00
435018.08  6479443.54  3075.00
435053.16  6479457.88  3075.00
435053.16  6479457.88  3075.00
435075.47  6479449.90  3075.00
435105.76  6479445.10  3075.00
435131.26  6479427.55  3075.00
435161.54  6479422.75  3075.00
435190.24  6479433.90  3075.00
435223.72  6479433.89  3075.00
435254.01  6479441.85  3075.00
435284.31  6479472.14  3075.00
435325.75  6479472.12  3075.00
435359.23  6479465.73  3075.00
435389.51  6479448.17  3075.00
435407.03  6479419.46  3075.00
435413.39  6479382.78  3075.00
435437.30  6479363.63  3075.00
435437.28  6479317.38  3075.00
435438.86  6479291.87  3075.00
435456.39  6479267.94  3075.00
435488.26  6479244.00  3075.00
435523.33  6479247.18  3075.00
435566.37  6479248.76  3075.00
435612.61  6479263.09  3075.00
435601.45  6479263.09  3075.00
435626.95  6479261.49  3075.00
435663.62  6479266.26  3075.00
435700.28  6479245.51  3075.00
435720.99  6479231.15  3075.00
435741.71  6479218.38  3075.00
435767.21  6479194.45  3075.00
435784.73  6479176.90  3075.00
435810.23  6479159.35  3075.00
435824.57  6479124.26  3075.00
435862.81  6479093.94  3075.00
435881.93  6479073.20  3075.00
435910.62  6479057.24  3075.00
435934.52  6479026.93  3075.00
435950.45  6479001.41  3075.00
435953.63  6478980.68  3075.00
435971.15  6478959.94  3075.00
436001.43  6478926.43  3075.00
436018.95  6478884.96  3075.00
436042.85  6478869.01  3075.00
436063.56  6478840.29  3075.00
436082.68  6478806.79  3075.00
436097.01  6478779.68  3075.00
436111.35  6478752.56  3075.00
436140.03  6478725.44  3075.00
436160.74  6478690.34  3075.00
436168.70  6478658.45  3075.00
436179.84  6478621.76  3075.00
436183.02  6478594.65  3075.00
436200.54  6478569.13  3075.00
436213.28  6478540.41  3075.00
436219.64  6478498.95  3075.00
436230.79  6478468.64  3075.00
436235.56  6478436.75  3075.00
436245.11  6478403.25  3075.00
436253.07  6478376.14  3075.00
436257.84  6478344.24  3075.00
436264.20  6478318.72  3075.00
436262.60  6478282.04  3075.00
436262.58  6478251.74  3075.00
436249.82  6478224.64  3075.00
436246.62  6478189.55  3075.00
436238.64  6478172.01  3075.00
436225.88  6478152.88  3075.00
436213.12  6478130.56  3075.00
436198.76  6478114.62  3075.00
436179.63  6478097.08  3075.00
436150.92  6478076.36  3075.00
436131.79  6478060.42  3075.00
436114.25  6478050.86  3075.00
436071.20  6478042.91  3075.00
436042.51  6478042.92  3075.00
436013.81  6478034.96  3075.00
436001.05  6478015.83  3075.00
435975.54  6478009.46  3075.00
435959.60  6477996.71  3075.00
435930.89  6477968.01  3075.00
435902.19  6477958.45  3075.00
435887.84  6477945.70  3075.00
435873.48  6477917.00  3075.00
435852.75  6477889.90  3075.00
435835.20  6477862.80  3075.00
435825.63  6477834.10  3075.00
435814.46  6477811.77  3075.00
435804.88  6477789.45  3075.00
435779.36  6477752.78  3075.00
435768.20  6477735.24  3075.00
435760.21  6477704.95  3075.00
435745.86  6477689.00  3075.00
435731.50  6477666.68  3075.00
435718.74  6477642.77  3075.00
435715.55  6477623.63  3075.00
435696.40  6477586.96  3075.00
435683.64  6477556.67  3075.00
435670.87  6477532.75  3075.00
435662.89  6477510.43  3075.00
435662.89  6477510.43  3075.00
435648.54  6477483.32  3075.00
435629.40  6477459.41  3075.00
435613.45  6477448.25  3075.00
435584.75  6477433.91  3075.00
435554.46  6477425.95  3075.00
435532.14  6477422.77  3075.00
435501.85  6477418.00  3075.00
435474.75  6477418.01  3075.00
435428.52  6477422.81  3075.00
435428.52  6477422.81  3075.00
435398.24  6477427.61  3075.00
435367.95  6477429.21  3075.00
435318.54  6477434.02  3075.00
435283.46  6477430.84  3075.00
435232.46  6477438.84  3075.00
435197.38  6477434.07  3075.00
435173.47  6477430.89  3075.00
435140.00  6477432.50  3075.00
435108.11  6477432.51  3075.00
435087.39  6477432.52  3075.00
435050.73  6477432.54  3075.00
434998.12  6477432.56  3075.00
434972.61  6477430.97  3075.00
434940.73  6477429.39  3075.00
434889.72  6477431.01  3075.00
434861.03  6477432.61  3075.00
434813.20  6477431.04  3075.00
434774.94  6477429.46  3075.00
434725.52  6477415.13  3075.00
434695.23  6477415.14  3075.00
434656.97  6477408.78  3075.00
434621.90  6477399.22  3075.00
434591.61  6477386.48  3075.00
434532.62  6477383.31  3075.00
434495.96  6477388.11  3075.00
434449.73  6477397.70  3075.00
434411.48  6477410.47  3075.00
434378.02  6477443.98  3075.00
434334.98  6477453.56  3075.00
434298.32  6477459.96  3075.00
434255.29  6477475.92  3075.00
434221.81  6477485.51  3075.00
434166.03  6477496.69  3075.00
434124.58  6477511.06  3075.00
434067.21  6477536.60  3075.00
434020.99  6477573.30  3075.00
433984.34  6477606.81  3075.00
433936.54  6477654.67  3075.00
433836.93  6477702.55  3100.00
433779.55  6477734.47  3100.00
433722.18  6477760.01  3100.00
433671.17  6477772.79  3100.00
433556.41  6477798.35  3100.00
433492.65  6477817.52  3100.00
433416.14  6477843.07  3100.00
433365.14  6477855.84  3100.00
433301.39  6477887.77  3100.00
433288.64  6477906.91  3100.00
433263.16  6477964.33  3100.00
433256.80  6477996.23  3100.00
433224.93  6478040.89  3100.00
433193.07  6478079.18  3100.00
433161.18  6478079.20  3100.00
433097.44  6478117.50  3100.00
433027.31  6478143.04  3100.00
432963.55  6478174.96  3100.00
432893.44  6478238.78  3100.00
432836.07  6478270.70  3100.00
432836.12  6478411.04  3100.00
432880.80  6478506.71  3100.00
432931.86  6478621.51  3100.00
433046.65  6478672.49  3100.00
433161.41  6478627.79  3100.00
433225.17  6478608.63  3100.00
433288.92  6478583.09  3100.00
433339.91  6478532.03  3100.00
433371.78  6478493.75  3100.00
433441.91  6478487.34  3100.00
433499.32  6478525.59  3100.00
433550.35  6478576.60  3100.00
433614.13  6478602.09  3100.00
433671.51  6478595.69  3100.00
433767.16  6478602.03  3100.00
433850.07  6478653.02  3100.00
433907.48  6478697.65  3100.00
433964.89  6478748.66  3100.00
434022.29  6478793.29  3100.00
434047.82  6478844.31  3100.00
434079.74  6478920.85  3100.00
434111.64  6478978.25  3100.00
434213.69  6479035.62  3100.00
434302.98  6479099.37  3100.00
434360.40  6479163.14  3100.00
434392.31  6479233.29  3100.00
434430.60  6479303.45  3100.00
434475.26  6479367.22  3100.00
434539.04  6479418.23  3100.00
434570.95  6479475.62  3100.00
434634.74  6479533.01  3100.00
434704.89  6479564.88  3100.00
434762.28  6479564.85  3100.00
434819.67  6479571.21  3100.00
434857.91  6479520.16  3100.00
434889.77  6479488.25  3100.00
434959.90  6479449.95  3100.00
435015.69  6479440.36  3100.00
435063.52  6479449.90  3100.00
435127.28  6479453.07  3100.00
435155.98  6479465.81  3100.00
435222.93  6479472.16  3100.00
435273.95  6479484.90  3100.00
435315.41  6479507.21  3100.00
435353.67  6479507.20  3100.00
435391.93  6479513.56  3100.00
435426.99  6479484.84  3100.00
435452.48  6479456.12  3100.00
435471.58  6479395.51  3100.00
435500.26  6479360.42  3100.00
435516.18  6479303.00  3100.00
435554.44  6479299.79  3100.00
435630.95  6479287.00  3100.00
435662.83  6479286.99  3100.00
435704.27  6479261.46  3100.00
435745.70  6479235.92  3100.00
435783.95  6479216.77  3100.00
435803.07  6479181.68  3100.00
435838.12  6479130.63  3100.00
435873.17  6479089.15  3100.00
435914.61  6479066.81  3100.00
435956.04  6479034.90  3100.00
435984.72  6478993.42  3100.00
436016.59  6478971.08  3100.00
436058.03  6478945.55  3100.00
436093.08  6478913.64  3100.00
436112.19  6478856.22  3100.00
436124.93  6478827.51  3100.00
436163.17  6478789.22  3100.00
436198.23  6478757.31  3100.00
436230.10  6478731.78  3100.00
436249.21  6478677.55  3100.00
436258.75  6478623.32  3100.00
436271.48  6478572.29  3100.00
436287.40  6478521.25  3100.00
436303.32  6478467.02  3100.00
436316.05  6478412.79  3100.00
436335.16  6478355.37  3100.00
436341.51  6478294.77  3100.00
436331.92  6478234.17  3100.00
436325.51  6478167.19  3100.00
436300.00  6478144.88  3100.00
436258.54  6478113.00  3100.00
436217.08  6478077.93  3100.00
436169.24  6478046.06  3100.00
436105.48  6478039.70  3100.00
436057.65  6478039.72  3100.00
436019.39  6478020.60  3100.00
435987.50  6478007.86  3100.00
435952.42  6477975.98  3100.00
435917.33  6477950.47  3100.00
435882.25  6477924.97  3100.00
435853.54  6477873.95  3100.00
435828.01  6477813.36  3100.00
435812.05  6477765.53  3100.00
435796.09  6477717.69  3100.00
435748.24  6477660.30  3100.00
435722.71  6477612.47  3100.00
435700.38  6477574.20  3100.00
435687.61  6477529.55  3100.00
435671.65  6477491.29  3100.00
435655.69  6477443.45  3100.00
435623.80  6477417.95  3100.00
435582.35  6477408.39  3100.00
435544.09  6477408.41  3100.00
435489.88  6477389.30  3100.00
435435.68  6477389.32  3100.00
435403.80  6477389.33  3100.00
435340.04  6477405.30  3100.00
435298.60  6477402.13  3100.00
435244.40  6477405.34  3100.00
435193.38  6477398.99  3100.00
435078.61  6477408.60  3100.00
434998.90  6477399.07  3100.00
434887.32  6477405.49  3100.00
434852.25  6477405.51  3100.00
434750.23  6477408.74  3100.00
434683.27  6477386.44  3100.00
434648.19  6477367.32  3100.00
434603.55  6477357.77  3100.00
434527.03  6477341.85  3100.00
434456.89  6477345.07  3100.00
434389.95  6477376.99  3100.00
434338.96  6477428.05  3100.00
434294.33  6477440.82  3100.00
434221.01  6477463.18  3100.00
434179.58  6477498.28  3100.00
434087.13  6477527.02  3100.00
434032.94  6477558.94  3100.00
433972.38  6477590.86  3100.00
433911.82  6477625.97  3100.00
433854.45  6477664.27  3100.00
