435307.81  6478662.54  2825.00
435287.92  6478760.70  2825.00
435274.65  6478826.15  2825.00
435274.44  6478891.62  2825.00
435326.53  6478924.43  2825.00
435424.41  6478924.59  2825.00
435476.70  6478898.49  2825.00
435529.10  6478839.66  2825.00
435529.33  6478767.65  2825.00
435516.54  6478689.07  2825.00
435471.03  6478636.62  2825.00
435425.46  6478603.81  2825.00
435360.23  6478597.16  2825.00
434872.05  6478223.20  2850.00
434819.68  6478275.49  2850.00
434799.93  6478327.83  2850.00
434793.24  6478380.19  2850.00
434864.84  6478432.68  2850.00
434969.16  6478459.04  2850.00
435021.26  6478491.86  2850.00
435079.90  6478518.14  2850.00
435144.90  6478596.80  2850.00
435170.80  6478655.77  2850.00
435157.26  6478806.32  2850.00
435157.05  6478871.78  2850.00
435169.80  6478963.46  2850.00
435234.88  6479015.94  2850.00
435287.19  6478983.29  2850.00
435371.96  6479003.07  2850.00
435456.76  6479009.75  2850.00
435541.59  6479009.89  2850.00
435600.49  6478957.62  2850.00
435620.28  6478892.18  2850.00
435640.00  6478846.39  2850.00
435646.76  6478774.38  2850.00
435653.63  6478669.65  2850.00
435660.41  6478591.10  2850.00
435647.58  6478525.61  2850.00
435582.49  6478473.13  2850.00
435510.72  6478473.02  2850.00
435425.87  6478479.42  2850.00
435334.45  6478498.91  2850.00
435308.35  6478498.87  2850.00
435191.02  6478459.40  2850.00
435171.64  6478400.45  2850.00
435184.94  6478321.91  2850.00
435178.65  6478249.89  2850.00
435146.26  6478177.82  2850.00
435087.62  6478151.54  2850.00
435022.43  6478131.79  2850.00
434950.57  6478157.86  2850.00
435049.15  6477941.98  2875.00
434977.25  6477981.15  2875.00
434911.89  6478013.77  2875.00
434859.54  6478059.51  2875.00
434800.57  6478131.43  2875.00
434754.71  6478190.27  2875.00
434695.74  6478262.19  2875.00
434682.46  6478334.18  2875.00
434675.63  6478425.82  2875.00
434727.62  6478491.37  2875.00
434818.89  6478517.71  2875.00
434936.26  6478544.09  2875.00
435033.92  6478609.72  2875.00
435072.90  6478662.15  2875.00
435079.09  6478766.91  2875.00
435072.16  6478891.28  2875.00
435052.22  6479002.54  2875.00
435045.54  6479048.36  2875.00
435130.37  6479048.50  2875.00
435189.06  6479061.69  2875.00
435254.37  6479042.16  2875.00
435319.67  6479029.17  2875.00
435391.42  6479035.83  2875.00
435430.47  6479068.63  2875.00
435489.09  6479101.46  2875.00
435547.77  6479114.65  2875.00
435599.98  6479114.73  2875.00
435619.74  6479055.85  2875.00
435685.15  6479010.13  2875.00
435691.86  6478951.22  2875.00
435718.16  6478892.34  2875.00
435737.90  6478840.00  2875.00
435770.89  6478728.76  2875.00
435784.18  6478656.77  2875.00
435817.02  6478591.36  2875.00
435817.27  6478512.80  2875.00
435810.96  6478447.32  2875.00
435739.46  6478362.10  2875.00
435700.48  6478309.66  2875.00
435589.47  6478335.67  2875.00
435498.01  6478368.25  2875.00
435439.19  6478394.34  2875.00
435321.63  6478426.88  2875.00
435328.50  6478322.15  2875.00
435328.69  6478263.23  2875.00
435322.38  6478197.75  2875.00
435263.78  6478158.37  2875.00
435211.75  6478105.92  2875.00
435198.85  6478060.07  2875.00
435140.38  6477981.41  2875.00
434258.62  6478241.83  2900.00
434369.31  6478314.03  2900.00
434466.97  6478379.66  2900.00
434525.53  6478432.12  2900.00
434610.17  6478491.18  2900.00
434707.85  6478550.26  2900.00
434818.70  6478576.63  2900.00
434936.11  6478589.92  2900.00
435014.18  6478662.06  2900.00
435013.90  6478747.16  2900.00
434993.94  6478864.97  2900.00
434947.86  6478989.28  2900.00
434921.52  6479061.25  2900.00
434993.06  6479133.38  2900.00
435064.78  6479153.14  2900.00
435162.78  6479114.02  2900.00
435254.24  6479081.43  2900.00
435358.80  6479035.78  2900.00
435449.94  6479101.40  2900.00
435528.07  6479153.90  2900.00
435612.90  6479154.03  2900.00
435691.37  6479101.79  2900.00
435724.32  6479003.64  2900.00
435783.37  6478905.54  2900.00
435816.36  6478794.30  2900.00
435849.35  6478683.06  2900.00
435901.87  6478584.95  2900.00
435934.77  6478499.90  2900.00
435974.24  6478401.76  2900.00
435948.46  6478303.52  2900.00
435948.70  6478231.51  2900.00
435909.78  6478159.43  2900.00
435805.55  6478106.89  2900.00
435707.69  6478100.18  2900.00
435622.78  6478126.23  2900.00
435557.42  6478158.85  2900.00
435446.32  6478211.05  2900.00
435394.29  6478158.59  2900.00
435335.86  6478066.84  2900.00
435336.24  6477949.00  2900.00
435291.01  6477811.45  2900.00
435336.90  6477746.05  2900.00
435350.21  6477667.52  2900.00
435245.81  6477667.35  2900.00
435141.45  6477654.08  2900.00
435030.62  6477621.17  2900.00
434900.20  6477594.77  2900.00
434776.20  6477601.11  2900.00
434671.80  6477600.94  2900.00
434560.81  6477620.40  2900.00
434449.83  6477633.31  2900.00
434338.80  6477665.86  2900.00
434240.73  6477724.62  2900.00
434227.46  6477790.07  2900.00
434233.48  6477947.19  2900.00
434239.64  6478058.50  2900.00
434232.75  6478169.78  2900.00
434896.79  6478642.22  2925.00
434942.29  6478694.67  2925.00
434942.10  6478753.59  2925.00
434941.89  6478819.06  2925.00
434922.08  6478891.04  2925.00
434902.20  6478982.66  2925.00
434849.81  6479041.49  2925.00
434830.00  6479113.47  2925.00
434875.50  6479165.92  2925.00
434953.59  6479231.52  2925.00
435038.40  6479238.20  2925.00
435116.72  6479231.78  2925.00
435175.64  6479172.96  2925.00
435247.57  6479127.25  2925.00
435293.37  6479088.05  2925.00
435365.24  6479061.98  2925.00
435397.76  6479094.76  2925.00
435462.88  6479134.15  2925.00
435508.43  6479173.50  2925.00
435593.24  6479180.19  2925.00
435658.51  6479173.75  2925.00
435717.37  6479134.57  2925.00
435756.73  6479069.16  2925.00
435789.61  6478990.66  2925.00
435822.50  6478912.15  2925.00
435855.38  6478833.65  2925.00
435894.79  6478755.15  2925.00
435927.73  6478657.01  2925.00
435750.08  6479108.43  2925.00
435986.82  6478545.81  2925.00
436019.69  6478473.85  2925.00
436052.70  6478356.06  2925.00
436052.91  6478290.60  2925.00
436066.26  6478198.97  2925.00
436001.22  6478133.39  2925.00
435923.11  6478074.35  2925.00
435838.56  6477989.10  2925.00
435760.30  6477975.88  2925.00
435669.01  6477956.09  2925.00
435590.71  6477955.96  2925.00
435525.67  6477890.39  2925.00
435558.53  6477818.43  2925.00
435610.94  6477753.05  2925.00
435611.18  6477681.04  2925.00
435611.41  6477609.02  2925.00
435572.39  6477569.68  2925.00
435461.50  6477556.41  2925.00
435363.56  6477575.89  2925.00
435278.71  6477582.29  2925.00
435180.79  6477595.23  2925.00
435043.85  6477568.82  2925.00
434952.49  6477568.67  2925.00
434808.94  6477568.43  2925.00
434626.23  6477568.13  2925.00
434508.80  6477561.39  2925.00
434384.71  6477593.92  2925.00
434234.42  6477659.14  2925.00
434175.32  6477770.34  2925.00
434168.31  6477920.90  2925.00
434167.77  6478084.57  2925.00
434147.90  6478176.19  2925.00
434141.03  6478280.92  2925.00
434199.46  6478372.67  2925.00
434251.43  6478444.77  2925.00
434310.07  6478471.05  2925.00
434440.40  6478523.64  2925.00
434570.82  6478550.04  2925.00
434681.65  6478582.95  2925.00
434792.55  6478589.68  2925.00
434149.59  6477659.00  2950.00
434103.59  6477757.13  2950.00
434051.26  6477796.32  2950.00
433985.79  6477861.68  2950.00
433985.79  6477861.68  2950.00
433920.31  6477933.59  2950.00
433854.95  6477966.22  2950.00
433782.89  6478051.20  2950.00
433834.75  6478156.03  2950.00
433906.42  6478188.89  2950.00
433932.22  6478280.58  2950.00
433997.31  6478333.06  2950.00
434016.54  6478437.84  2950.00
434094.61  6478509.98  2950.00
434270.60  6478569.19  2950.00
434290.13  6478582.31  2950.00
434361.89  6478588.98  2950.00
434479.36  6478582.62  2950.00
434596.63  6478641.73  2950.00
434661.88  6478641.84  2950.00
434785.71  6478687.87  2950.00
434850.60  6478799.27  2950.00
434856.80  6478897.48  2950.00
434804.28  6478995.59  2950.00
434745.13  6479126.43  2950.00
434829.70  6479205.13  2950.00
434901.26  6479270.71  2950.00
434992.53  6479297.05  2950.00
435123.10  6479277.62  2950.00
435214.32  6479317.05  2950.00
435286.06  6479330.26  2950.00
435318.90  6479264.85  2950.00
435351.74  6479199.43  2950.00
435417.06  6479179.90  2950.00
435501.82  6479199.68  2950.00
435580.02  6479232.54  2950.00
435645.31  6479219.55  2950.00
435743.23  6479206.62  2950.00
435789.17  6479128.14  2950.00
435841.71  6479023.48  2950.00
435868.19  6478905.68  2950.00
435927.22  6478814.12  2950.00
435966.76  6478696.35  2950.00
436012.75  6478598.22  2950.00
436078.26  6478519.77  2950.00
436117.69  6478434.73  2950.00
436144.11  6478336.57  2950.00
436144.52  6478212.19  2950.00
436086.11  6478113.89  2950.00
435975.29  6478080.98  2950.00
435903.79  6477995.75  2950.00
435806.17  6477917.04  2950.00
435741.24  6477818.73  2950.00
435702.32  6477746.65  2950.00
435670.01  6477648.40  2950.00
435650.71  6477563.26  2950.00
435552.94  6477530.37  2950.00
435468.11  6477530.23  2950.00
435344.03  6477562.76  2950.00
435239.56  6477582.23  2950.00
435122.13  6477575.49  2950.00
434978.61  6477562.16  2950.00
434867.71  6477555.43  2950.00
434698.07  6477548.61  2950.00
434547.97  6477554.91  2950.00
434430.43  6477580.90  2950.00
434273.72  6477613.38  2950.00
433977.39  6478437.77  2975.00
433990.18  6478516.35  2975.00
434022.60  6478581.87  2975.00
434061.47  6478667.04  2975.00
434152.74  6478693.38  2975.00
434224.26  6478772.06  2975.00
434295.87  6478824.55  2975.00
434380.69  6478824.69  2975.00
434648.70  6478681.10  2975.00
434713.82  6478720.48  2975.00
434765.81  6478786.04  2975.00
434772.17  6478838.42  2975.00
434778.46  6478910.44  2975.00
434745.64  6478969.31  2975.00
434699.83  6479008.51  2975.00
434673.39  6479113.22  2975.00
434731.86  6479191.87  2975.00
434796.96  6479237.81  2975.00
434862.02  6479296.83  2975.00
434920.58  6479349.30  2975.00
434985.77  6479369.05  2975.00
435090.22  6479356.13  2975.00
435181.55  6479362.82  2975.00
435246.69  6479395.66  2975.00
435292.26  6479428.47  2975.00
435350.97  6479435.11  2975.00
435370.78  6479363.13  2975.00
435397.07  6479304.25  2975.00
435462.50  6479251.99  2975.00
435540.86  6479232.48  2975.00
435619.12  6479245.70  2975.00
435690.92  6479239.27  2975.00
435808.59  6479174.00  2975.00
435808.59  6479174.00  2975.00
435841.41  6479115.13  2975.00
435861.24  6479036.60  2975.00
435900.59  6478977.75  2975.00
435920.50  6478873.03  2975.00
435972.96  6478794.56  2975.00
436045.06  6478696.48  2975.00
436117.07  6478624.58  2975.00
436156.50  6478539.54  2975.00
436215.66  6478408.70  2975.00
436222.44  6478330.16  2975.00
436222.80  6478218.86  2975.00
436190.39  6478153.34  2975.00
436138.36  6478100.89  2975.00
436079.72  6478074.60  2975.00
436014.53  6478054.86  2975.00
435929.93  6477982.70  2975.00
435871.33  6477943.33  2975.00
435819.47  6477838.50  2975.00
435780.41  6477812.25  2975.00
435708.91  6477727.02  2975.00
435689.61  6477641.89  2975.00
435670.27  6477569.84  2975.00
435598.68  6477510.80  2975.00
435494.26  6477517.18  2975.00
435370.11  6477569.35  2975.00
435220.05  6477562.56  2975.00
435122.17  6477562.40  2975.00
435017.81  6477549.13  2975.00
434861.22  6477542.33  2975.00
434678.56  6477528.94  2975.00
434482.72  6477554.80  2975.00
434352.19  6477561.14  2975.00
434136.66  6477619.70  2975.00
434032.05  6477685.00  2975.00
433920.84  6477769.92  2975.00
433822.79  6477822.14  2975.00
433776.88  6477894.07  2975.00
433704.93  6477946.33  2975.00
433684.95  6478070.68  2975.00
433736.89  6478149.33  2975.00
433821.38  6478254.21  2975.00
433893.03  6478293.61  2975.00
433971.06  6478378.84  2975.00
433665.93  6477900.44  3000.00
433606.99  6477965.81  3000.00
433574.04  6478063.95  3000.00
433599.89  6478142.56  3000.00
433599.61  6478227.66  3000.00
433716.85  6478293.32  3000.00
433814.75  6478286.93  3000.00
433879.87  6478326.32  3000.00
433899.15  6478418.01  3000.00
433938.07  6478490.08  3000.00
433976.68  6478653.81  3000.00
434048.23  6478725.94  3000.00
434113.27  6478791.52  3000.00
434178.15  6478902.91  3000.00
434216.99  6479001.18  3000.00
434386.66  6478994.91  3000.00
434491.03  6479008.17  3000.00
434562.55  6479086.85  3000.00
434660.13  6479178.66  3000.00
434731.73  6479231.15  3000.00
434809.87  6479283.65  3000.00
434887.83  6479388.53  3000.00
434946.38  6479441.00  3000.00
435057.29  6479447.72  3000.00
435122.71  6479395.46  3000.00
435207.46  6479421.78  3000.00
435292.11  6479474.30  3000.00
435350.82  6479480.94  3000.00
435409.74  6479422.11  3000.00
435449.15  6479343.62  3000.00
435521.14  6479278.27  3000.00
435619.04  6479271.88  3000.00
435690.92  6479239.27  3000.00
435743.21  6479213.17  3000.00
435808.63  6479160.90  3000.00
435841.32  6479141.32  3000.00
435867.55  6479102.08  3000.00
435926.54  6479023.62  3000.00
435946.31  6478964.73  3000.00
435985.67  6478899.33  3000.00
436011.96  6478840.45  3000.00
436064.36  6478781.62  3000.00
436129.80  6478722.80  3000.00
436182.22  6478657.42  3000.00
436241.14  6478598.60  3000.00
436274.02  6478520.09  3000.00
436300.38  6478441.58  3000.00
436313.68  6478363.04  3000.00
436313.92  6478291.03  3000.00
436307.52  6478251.73  3000.00
436288.14  6478192.78  3000.00
436236.07  6478153.42  3000.00
436183.97  6478120.60  3000.00
436125.37  6478081.22  3000.00
436066.71  6478061.49  3000.00
436001.58  6478022.10  3000.00
435936.42  6477995.81  3000.00
435884.32  6477962.99  3000.00
435858.54  6477864.75  3000.00
435800.07  6477786.09  3000.00
435761.17  6477707.47  3000.00
435735.31  6477635.41  3000.00
435670.31  6477556.75  3000.00
435650.82  6477530.53  3000.00
435559.51  6477517.29  3000.00
435468.18  6477510.59  3000.00
435324.56  6477530.00  3000.00
435167.89  6477549.38  3000.00
435030.94  6477522.97  3000.00
434933.02  6477535.90  3000.00
434809.04  6477535.70  3000.00
434685.06  6477535.50  3000.00
434554.58  6477528.73  3000.00
434424.05  6477535.07  3000.00
434319.59  6477554.54  3000.00
434149.71  6477619.73  3000.00
434032.20  6477639.17  3000.00
433921.03  6477711.00  3000.00
433894.78  6477756.79  3000.00
433796.82  6477782.81  3000.00
433744.36  6477861.29  3000.00
433306.72  6477998.05  3025.00
433286.99  6478043.85  3025.00
433265.58  6478107.64  3025.00
433291.47  6478173.15  3025.00
433304.26  6478251.73  3025.00
433356.27  6478310.73  3025.00
433408.39  6478337.01  3025.00
433434.38  6478369.78  3025.00
433479.99  6478389.50  3025.00
433584.27  6478428.95  3025.00
433662.40  6478481.45  3025.00
433727.65  6478481.55  3025.00
433799.45  6478475.13  3025.00
433871.17  6478494.88  3025.00
433929.59  6478586.63  3025.00
433968.36  6478704.53  3025.00
434026.81  6478789.74  3025.00
434091.74  6478888.04  3025.00
434137.10  6478986.32  3025.00
434195.63  6479045.33  3025.00
434273.98  6479032.37  3025.00
434378.28  6479065.27  3025.00
434443.32  6479130.84  3025.00
434508.33  6479202.96  3025.00
434586.44  6479262.01  3025.00
434638.65  6479262.10  3025.00
434657.99  6479334.14  3025.00
434644.68  6479412.68  3025.00
434722.77  6479478.27  3025.00
434787.96  6479498.02  3025.00
434853.28  6479478.49  3025.00
434925.20  6479432.78  3025.00
435068.67  6479459.20  3025.00
435146.95  6479465.87  3025.00
435218.71  6479472.54  3025.00
435290.36  6479511.94  3025.00
435373.56  6479510.44  3025.00
435452.04  6479458.19  3025.00
435497.91  6479399.35  3025.00
435550.30  6479340.51  3025.00
435615.72  6479288.25  3025.00
435687.59  6479262.18  3025.00
435766.06  6479209.93  3025.00
435864.11  6479157.72  3025.00
435942.65  6479085.83  3025.00
435982.06  6479007.34  3025.00
436041.06  6478922.33  3025.00
436106.53  6478856.97  3025.00
436204.62  6478791.66  3025.00
436263.65  6478700.11  3025.00
436316.12  6478615.09  3025.00
436342.52  6478523.48  3025.00
436362.49  6478405.67  3025.00
436375.88  6478300.95  3025.00
436330.48  6478215.77  3025.00
436324.10  6478169.93  3025.00
436252.43  6478137.08  3025.00
436167.77  6478084.57  3025.00
436102.63  6478051.73  3025.00
436004.90  6478005.74  3025.00
435946.32  6477959.82  3025.00
435881.26  6477900.79  3025.00
435835.97  6477782.88  3025.00
435770.99  6477697.67  3025.00
435719.05  6477619.02  3025.00
435680.22  6477520.76  3025.00
435654.22  6477487.98  3025.00
435602.11  6477461.71  3025.00
435523.78  6477468.13  3025.00
435360.61  6477480.95  3025.00
435197.39  6477506.87  3025.00
435034.28  6477500.06  3025.00
434942.95  6477493.36  3025.00
434851.55  6477506.31  3025.00
434708.02  6477499.53  3025.00
434538.28  6477525.43  3025.00
434394.61  6477557.93  3025.00
434237.88  6477596.96  3025.00
434113.88  6477603.30  3025.00
433989.71  6477662.02  3025.00
433865.54  6477720.73  3025.00
433787.02  6477786.07  3025.00
433702.02  6477838.31  3025.00
433630.20  6477851.28  3025.00
433525.71  6477877.30  3025.00
433427.72  6477909.87  3025.00
433349.31  6477942.47  3025.00
433267.72  6477952.16  3050.00
433208.71  6478037.17  3050.00
433162.80  6478109.11  3050.00
433129.92  6478187.61  3050.00
433057.95  6478246.42  3050.00
432986.00  6478298.67  3050.00
432985.68  6478396.87  3050.00
433037.62  6478475.52  3050.00
433109.21  6478534.55  3050.00
433207.11  6478528.17  3050.00
433285.52  6478495.56  3050.00
433390.01  6478469.55  3050.00
433481.28  6478495.88  3050.00
433572.29  6478600.78  3050.00
433629.26  6478638.51  3050.00
433727.14  6478638.67  3050.00
433798.81  6478671.52  3050.00
433863.89  6478724.00  3050.00
433961.67  6478756.90  3050.00
434098.52  6478809.49  3050.00
434104.64  6478933.89  3050.00
434182.69  6479012.58  3050.00
434215.19  6479051.91  3050.00
434304.72  6479109.34  3050.00
434376.18  6479207.66  3050.00
434441.18  6479286.32  3050.00
434486.60  6479364.96  3050.00
434597.10  6479496.07  3050.00
434655.59  6479568.18  3050.00
434720.76  6479594.47  3050.00
434818.81  6479542.26  3050.00
434921.78  6479481.87  3050.00
435019.59  6479501.67  3050.00
435143.55  6479508.42  3050.00
435208.78  6479515.08  3050.00
435306.53  6479554.52  3050.00
435404.37  6479567.77  3050.00
435482.97  6479476.24  3050.00
435587.74  6479365.12  3050.00
435653.18  6479306.31  3050.00
435784.03  6479201.78  3050.00
435927.82  6479130.00  3050.00
436065.11  6479051.67  3050.00
436084.88  6478992.78  3050.00
436155.13  6478958.52  3050.00
436220.58  6478899.71  3050.00
436266.49  6478827.77  3050.00
436318.99  6478736.21  3050.00
436351.87  6478657.70  3050.00
436402.71  6478577.59  3050.00
436442.12  6478499.09  3050.00
436461.95  6478420.56  3050.00
436442.71  6478315.79  3050.00
436377.67  6478250.21  3050.00
436358.33  6478178.17  3050.00
436312.81  6478132.27  3050.00
436254.16  6478105.98  3050.00
436189.13  6478040.41  3050.00
436078.24  6478027.14  3050.00
435999.98  6478013.92  3050.00
435934.96  6477941.80  3050.00
435857.02  6477830.38  3050.00
435792.13  6477718.98  3050.00
435733.81  6477594.49  3050.00
435681.99  6477476.57  3050.00
435505.79  6477482.83  3050.00
435388.36  6477476.09  3050.00
435199.02  6477508.51  3050.00
435068.51  6477508.30  3050.00
434871.13  6477506.34  3050.00
434655.86  6477486.35  3050.00
434466.54  6477512.22  3050.00
434329.32  6477570.92  3050.00
434153.07  6477590.27  3050.00
433996.23  6477662.03  3050.00
433852.49  6477720.71  3050.00
433721.89  6477746.68  3050.00
433591.30  6477772.66  3050.00
433467.24  6477798.64  3050.00
433388.74  6477857.43  3050.00
432986.66  6478095.73  3075.00
432940.75  6478167.66  3075.00
432914.43  6478233.09  3075.00
432855.56  6478278.82  3075.00
432861.83  6478357.39  3075.00
432933.28  6478455.70  3075.00
432952.77  6478481.92  3075.00
433024.19  6478593.33  3075.00
433102.15  6478698.21  3075.00
433199.86  6478750.74  3075.00
433324.07  6478678.93  3075.00
433428.58  6478646.37  3075.00
433493.47  6478757.77  3075.00
433545.36  6478856.05  3075.00
433603.76  6478954.35  3075.00
433675.24  6479046.12  3075.00
433746.83  6479105.15  3075.00
433818.35  6479183.83  3075.00
433850.61  6479295.18  3075.00
433928.98  6479275.67  3075.00
433870.46  6479210.10  3075.00
433870.74  6479125.00  3075.00
433864.52  6479033.33  3075.00
433962.59  6478974.57  3075.00
434034.02  6479079.44  3075.00
434131.79  6479112.33  3075.00
434327.23  6479210.85  3075.00
434379.11  6479309.14  3075.00
434444.05  6479407.44  3075.00
434521.99  6479518.86  3075.00
434632.72  6479577.96  3075.00
434722.32  6479615.75  3075.00
434826.85  6479576.64  3075.00
434892.30  6479517.83  3075.00
434977.13  6479517.97  3075.00
435094.58  6479518.16  3075.00
435198.92  6479537.97  3075.00
435264.20  6479531.53  3075.00
435342.46  6479544.75  3075.00
435427.37  6479518.71  3075.00
435538.49  6479459.97  3075.00
435617.14  6479355.35  3075.00
435676.03  6479303.07  3075.00
435761.10  6479231.20  3075.00
435859.17  6479172.44  3075.00
435963.83  6479094.05  3075.00
436081.47  6479035.33  3075.00
436173.04  6478970.01  3075.00
436277.62  6478917.81  3075.00
436323.61  6478819.68  3075.00
436394.13  6478706.87  3075.00
436466.25  6478602.24  3075.00
436492.71  6478490.99  3075.00
436537.00  6478417.41  3075.00
436478.53  6478338.76  3075.00
436413.53  6478260.09  3075.00
436394.21  6478181.50  3075.00
436316.12  6478115.91  3075.00
436264.01  6478089.63  3075.00
436198.82  6478069.89  3075.00
436094.58  6478017.34  3075.00
436003.32  6477991.01  3075.00
435905.61  6477938.47  3075.00
435860.27  6477833.65  3075.00
435808.41  6477728.82  3075.00
435756.53  6477630.54  3075.00
435737.17  6477565.04  3075.00
435704.86  6477466.79  3075.00
435535.27  6477446.87  3075.00
435391.67  6477459.73  3075.00
435228.50  6477472.55  3075.00
435032.68  6477491.87  3075.00
434843.38  6477511.20  3075.00
434647.62  6477510.88  3075.00
434445.25  6477536.74  3075.00
434288.56  6477562.67  3075.00
434118.71  6477621.31  3075.00
434007.68  6477653.86  3075.00
433877.05  6477692.93  3075.00
433764.38  6477723.84  3075.00
433646.80  6477762.93  3075.00
433555.30  6477808.61  3075.00
433418.18  6477834.57  3075.00
433248.29  6477906.30  3075.00
433182.91  6477945.48  3075.00
433078.34  6477997.68  3075.00
433032.51  6478043.43  3075.00
432803.70  6478173.99  3100.00
432751.28  6478239.37  3100.00
432803.10  6478357.29  3100.00
432887.52  6478481.82  3100.00
432919.79  6478593.16  3100.00
433030.01  6478809.38  3100.00
433068.82  6478914.19  3100.00
433225.04  6479032.29  3100.00
433296.65  6479084.78  3100.00
433348.85  6479084.86  3100.00
433427.02  6479124.27  3100.00
433466.22  6479111.24  3100.00
433538.17  6479058.99  3100.00
433609.73  6479124.57  3100.00
433681.23  6479209.79  3100.00
433733.22  6479275.34  3100.00
433765.68  6479327.77  3100.00
433876.39  6479393.42  3100.00
433934.93  6479452.43  3100.00
433960.81  6479517.94  3100.00
434012.80  6479583.49  3100.00
434078.05  6479583.60  3100.00
434071.72  6479524.67  3100.00
434039.31  6479459.15  3100.00
434026.54  6479374.02  3100.00
434026.75  6479308.56  3100.00
434164.04  6479230.22  3100.00
434242.13  6479295.82  3100.00
434307.14  6479367.94  3100.00
434391.72  6479446.64  3100.00
434476.31  6479518.79  3100.00
434541.35  6479584.36  3100.00
434626.05  6479623.78  3100.00
434723.88  6479637.03  3100.00
434802.21  6479630.61  3100.00
434861.11  6479578.34  3100.00
434913.50  6479519.50  3100.00
435011.34  6479532.76  3100.00
435102.67  6479539.45  3100.00
435207.01  6479559.26  3100.00
435265.69  6479572.45  3100.00
435324.31  6479605.28  3100.00
435389.61  6479592.29  3100.00
435448.38  6479579.30  3100.00
435494.42  6479468.08  3100.00
435579.46  6479402.75  3100.00
435638.27  6479376.66  3100.00
435684.14  6479317.82  3100.00
435762.57  6479278.67  3100.00
435841.11  6479206.78  3100.00
435880.54  6479121.74  3100.00
435906.92  6479036.68  3100.00
435952.36  6479108.76  3100.00
436050.33  6479082.74  3100.00
436133.65  6479043.59  3100.00
436228.34  6479020.84  3100.00
436257.84  6478978.33  3100.00
436297.11  6478942.39  3100.00
436333.13  6478903.17  3100.00
436395.13  6478900.00  3100.00
436437.70  6478850.97  3100.00
436470.49  6478801.92  3100.00
436500.04  6478746.32  3100.00
436536.19  6478664.55  3100.00
436539.63  6478612.18  3100.00
436539.77  6478566.35  3100.00
436556.22  6478527.10  3100.00
436572.76  6478455.11  3100.00
436569.68  6478399.46  3100.00
436546.93  6478373.24  3100.00
436533.97  6478347.03  3100.00
436485.23  6478284.76  3100.00
436442.90  6478258.50  3100.00
436420.24  6478202.82  3100.00
436394.26  6478166.77  3100.00
436371.51  6478140.55  3100.00
436306.39  6478097.89  3100.00
436250.97  6478084.70  3100.00
436192.36  6478048.60  3100.00
436143.49  6478028.88  3100.00
436094.60  6478012.43  3100.00
436045.71  6477995.99  3100.00
436000.07  6477986.09  3100.00
435961.00  6477959.84  3100.00
435934.98  6477936.89  3100.00
435899.29  6477874.63  3100.00
435876.51  6477858.23  3100.00
435840.81  6477799.25  3100.00
435821.34  6477766.49  3100.00
435808.40  6477733.73  3100.00
435785.67  6477700.96  3100.00
435756.52  6477635.45  3100.00
435746.90  6477583.06  3100.00
435717.74  6477520.82  3100.00
435691.79  6477474.95  3100.00
435675.63  6477425.82  3100.00
435538.61  6477422.33  3100.00
435463.57  6477422.20  3100.00
435404.82  6477428.65  3100.00
435326.50  6477435.07  3100.00
435186.19  6477441.39  3100.00
435019.75  6477454.21  3100.00
434902.38  6477427.83  3100.00
434860.06  6477398.30  3100.00
434745.87  6477398.12  3100.00
434670.84  6477394.72  3100.00
434615.45  6477371.72  3100.00
434533.82  6477141.63  3100.00
434530.67  6477105.62  3100.00
434530.82  6477059.79  3100.00
434537.54  6477000.88  3100.00
434524.60  6476968.13  3100.00
434511.70  6476922.28  3100.00
434492.26  6476879.70  3100.00
434479.34  6476840.40  3100.00
434450.23  6476761.79  3100.00
434450.34  6476729.06  3100.00
434443.92  6476696.31  3100.00
434444.16  6476621.03  3100.00
434431.26  6476575.18  3100.00
434421.62  6476529.34  3100.00
434418.38  6476522.78  3100.00
434405.44  6476490.03  3100.00
434392.53  6476447.45  3100.00
434376.39  6476395.06  3100.00
432795.92  6476808.18  3100.00
432815.38  6476844.22  3100.00
432828.31  6476880.25  3100.00
432860.84  6476909.76  3100.00
432909.72  6476929.48  3100.00
432912.85  6476968.76  3100.00
432912.71  6477011.32  3100.00
432893.09  6477024.38  3100.00
432886.41  6477073.47  3100.00
432882.93  6477138.93  3100.00
432876.15  6477217.48  3100.00
432856.41  6477266.54  3100.00
432810.61  6477305.75  3100.00
432760.69  6477357.22  3100.00
432727.92  6477399.72  3100.00
432714.65  6477468.44  3100.00
432711.20  6477524.08  3100.00
432838.20  6477599.58  3100.00
432900.22  6477589.86  3100.00
432975.34  6477567.07  3100.00
433050.43  6477550.82  3100.00
433099.54  6477498.53  3100.00
433158.38  6477462.62  3100.00
433207.42  6477433.24  3100.00
433266.29  6477390.78  3100.00
433331.69  6477345.06  3100.00
433367.84  6477263.29  3100.00
433407.16  6477214.25  3100.00
433469.39  6477139.07  3100.00
433499.01  6477060.56  3100.00
433593.65  6477054.17  3100.00
433655.58  6477070.64  3100.00
433701.14  6477106.72  3100.00
433746.69  6477146.07  3100.00
433883.53  6477205.21  3100.00
433932.31  6477254.39  3100.00
433974.57  6477300.29  3100.00
434013.62  6477333.09  3100.00
434046.15  6477362.60  3100.00
434120.93  6477441.28  3100.00
434110.97  6477493.64  3100.00
434061.78  6477572.12  3100.00
434002.92  6477611.30  3100.00
433940.83  6477643.93  3100.00
433842.82  6477683.05  3100.00
433767.61  6477735.30  3100.00
433620.64  6477780.89  3100.00
433470.49  6477803.56  3100.00
433392.18  6477803.43  3100.00
433326.99  6477783.68  3100.00
433258.50  6477777.02  3100.00
433183.65  6477717.98  3100.00
433115.12  6477724.41  3100.00
433046.48  6477760.31  3100.00
432968.15  6477770.00  3100.00
432912.54  6477812.46  3100.00
432883.00  6477868.06  3100.00
432794.80  6477900.65  3100.00
432758.81  6477933.32  3100.00
432722.74  6477988.91  3100.00
432751.82  6478074.07  3100.00
432790.80  6478126.50  3100.00
